tree
version=v3
num_class=1
num_tree_per_iteration=1
label_index=0
max_feature_idx=9
objective=binary sigmoid:1
feature_names=Column_0 Column_1 Column_2 Column_3 Column_4 Column_5 Column_6 Column_7 Column_8 Column_9
feature_infos=[0.037000000476837158:0.98799997568130493] [0:1] [0.10000000149011612:0.89999997615814209] [0:1] [0.34999999403953552:0.64999997615814209] [0.20000000298023224:0.80000001192092896] [0.05000000074505806:0.94999998807907104] [0:0.875] [0:1] [0.13099999725818634:0.83300000429153442]
tree_sizes=1671 1703 1705 1700 1709 1697 1702 1712 1692 1701 1711 1703 1717 1702 1712 1704 1702 1691 1723 1729 1722 1705 1708 1725

Tree=0
num_leaves=15
num_cat=0
split_feature=7 2 2 8 0 0 2 8 0 2 6 0 3 8
split_gain=1.61671 2.6748 2.52233 4.46381 6.01248 5.65361 2.15429 2.0934 2.93495 3.10562 2.29481 2.61953 1.94343 2.32024
threshold=0.31250000000000006 0.54050001502037059 0.22599999606609347 1.0000000180025095e-35 0.35599999129772192 0.35599999129772192 0.36300000548362737 1.0000000180025095e-35 0.64350000023841869 0.68000000715255748 0.81349998712539684 0.56499999761581432 0.5000000149011613 1.0000000180025095e-35
decision_type=2 2 2 2 2 2 2 2 2 2 2 2 2 2
left_child=1 2 3 5 -5 -1 -4 10 9 -9 11 -3 13 -8
right_child=-2 7 6 4 -6 -7 12 8 -10 -11 -12 -13 -14 -15
leaf_value=-0.44064103355719791 -0.43056113889919018 -0.38197378150272587 -0.46320536127045636 -0.41968844353774365 -0.4825462135961065 -0.3796880444096945 -0.44826015720063583 -0.46068264140189336 -0.41549792553385279 -0.41968844353774365 -0.43225999754941619 -0.42540278627032208 -0.44975085530478676 -0.40921214852801646
leaf_weight=2.863607704639433 88.29457089304924 2.3863397538661957 6.2044833600521114 2.8636077046394348 2.6249737292528152 2.6249737292528152 2.6249737292528179 5.4885814338922501 3.5795096307992935 2.3863397538661957 5.9658493846654892 2.6249737292528152 10.977162867784498 2.8636077046394348
leaf_count=12 370 10 26 12 11 11 11 23 15 10 25 11 46 12
internal_value=-0.433091 -0.437075 -0.442424 -0.43062 -0.449751 -0.41149 -0.44814 -0.42905 -0.438022 -0.44826 -0.419688 -0.404722 -0.442463 -0.427887
internal_weight=0 56.079 33.6474 10.9772 5.48858 5.48858 22.6702 22.4316 11.4544 7.87492 10.9772 5.01131 16.4657 5.48858
internal_count=605 235 141 46 23 23 95 94 48 33 46 21 69 23
is_linear=0
shrinkage=1


Tree=1
num_leaves=15
num_cat=0
split_feature=7 2 2 2 3 0 6 6 0 2 5 0 9 6
split_gain=1.52279 2.5224 2.38372 2.05184 1.83676 1.39073 0.869181 0.827089 1.56041 0.71562 0.700983 1.02635 2.26555 1.37372
threshold=0.31250000000000006 0.54050001502037059 0.22599999606609347 0.36300000548362737 0.5000000149011613 0.53099998831748974 0.20779999345541003 0.88234999775886547 0.63100001215934765 0.61100000143051159 0.59999999403953563 0.48099999129772192 0.62500000000000011 0.87624999880790722
decision_type=2 2 2 2 2 2 2 2 2 2 2 2 2 2
left_child=1 2 -1 6 -5 -6 -4 9 -9 -3 -2 -12 13 -13
right_child=10 7 3 4 5 -7 -8 8 -10 -11 11 12 -14 -15
leaf_value=0.0023920138757453253 0.0044195806053920249 -0.00039415266694293484 -0.039838424395669432 0.005041336462156285 -0.010581283864355591 -0.036516485923422465 -0.01723972922935189 -0.020478345175473648 0.0068400955677674815 0.013326637226313512 0.010588165669452469 -0.0255713840998423 0.0040505327178863813 -0.0042710680199152806
leaf_weight=10.97979289293289 57.302970886230469 5.4925380349159267 3.3187756836414364 5.4941866099834469 8.5597942471504194 2.3777206242084494 2.8446648716926575 3.1029729694128028 4.7814806699752808 9.0713003724813444 5.4915347099304226 5.0140099525451678 14.564505100250242 5.9690594673156738
leaf_count=46 240 23 14 23 36 10 12 13 20 38 23 21 61 25
internal_value=0 -0.00386994 -0.00907504 -0.0146473 -0.00911053 -0.0162194 -0.0294083 0.00391509 -0.00391124 0.00815204 0.00245279 -0.0011782 -0.00370741 -0.0139951
internal_weight=0 56.0232 33.5749 22.5951 16.4317 10.9375 6.16344 22.4483 7.88445 14.5638 88.3421 31.0391 25.5476 10.9831
internal_count=605 235 141 95 69 46 26 94 33 61 370 130 107 46
is_linear=0
shrinkage=0.03


Tree=2
num_leaves=15
num_cat=0
split_feature=7 9 9 8 0 4 3 7 8 9 3 8 0 8
split_gain=1.43364 2.37859 2.04038 1.95891 2.73461 3.09127 1.76664 2.78587 1.63776 1.11151 1.73634 2.17455 1.32821 1.53175
threshold=0.31250000000000006 0.52449998259544384 0.32050000131130224 1.0000000180025095e-35 0.64350000023841869 0.57499998807907116 0.5000000149011613 1.0000000180025095e-35 1.0000000180025095e-35 0.41949999332427984 0.5000000149011613 1.0000000180025095e-35 0.53099998831748974 1.0000000180025095e-35
decision_type=2 2 2 2 2 2 2 2 2 2 2 2 2 2
left_child=1 2 8 6 5 -5 -3 -8 -1 -4 11 -11 13 -12
right_child=-2 3 9 4 -6 -7 7 -9 -10 10 12 -13 -14 -15
leaf_value=0.016026346097680867 0.002377809433401813 -0.0053148737192395233 -0.02247893396248795 -0.02723845165643456 0.016763737642768853 0.013711417914673507 0.035716920450864859 -0.0011411472900672958 -0.0094624826212197158 -0.014897984897247057 0.0031437545660693419 0.022871918638837738 -0.035724064878400873 -0.022306910754711737
leaf_weight=4.552550867199896 88.386864960193634 3.3586369603872299 8.0310261547565478 5.4706689566373825 3.5978811979293823 2.3812882155179977 4.5547009855508804 3.1029403507709503 4.5226869285106659 2.619247272610667 4.0325695872306806 2.8807445168495178 2.3578499257564536 4.5069895386695862
leaf_count=19 370 14 34 23 15 10 19 13 19 11 17 12 10 19
internal_value=0 -0.00375825 -0.00882259 0.00379418 -0.00489507 -0.0148195 0.0128254 0.0207817 0.00332387 -0.013335 -0.00885658 0.00488485 -0.015792 -0.0102885
internal_weight=0 55.9698 33.5037 22.4661 11.4498 7.85196 11.0163 7.65764 9.07524 24.4284 16.3974 5.49999 10.8974 8.53956
internal_count=605 235 141 94 48 33 46 32 38 103 69 23 46 36
is_linear=0
shrinkage=0.03


Tree=3
num_leaves=15
num_cat=0
split_feature=7 2 2 8 2 2 2 8 6 3 6 3 8 8
split_gain=1.35022 2.24292 2.17169 4.05025 4.11492 2.24404 1.89355 1.83902 2.11388 1.74982 2.14166 1.64143 2.04108 1.15882
threshold=0.31250000000000006 0.54050001502037059 0.22599999606609347 1.0000000180025095e-35 0.12700000032782557 0.14649999886751178 0.36300000548362737 1.0000000180025095e-35 0.81349998712539684 0.5000000149011613 0.81349998712539684 0.5000000149011613 1.0000000180025095e-35 1.0000000180025095e-35
decision_type=2 2 2 2 2 2 2 2 2 2 2 2 2 2
left_child=1 2 3 5 -5 -1 13 8 -3 -9 -11 12 -8 -4
right_child=-2 7 6 4 -6 -7 11 9 -10 10 -12 -13 -14 -15
leaf_value=0.0021278328072776389 0.0023053054090720806 0.026685879401964589 -0.039414966832496019 0.013607728315839656 -0.038920868877229356 0.040399670198629008 -0.01449956794520803 0.01352623763845927 0.00034240676059955595 -0.036266984092405426 -0.0023626468315255849 -0.015377873999914136 0.022086070112086412 -0.012918475833156008
leaf_weight=2.8786788582801801 88.431066825985909 5.0582071840763092 3.5132052600383785 2.3828250467777252 3.0732861459255219 2.6464496850967407 2.6106144785881069 3.3368293046951303 5.9853414297103882 2.3709608763456327 5.7273060232400894 10.856355637311934 2.8935472369194031 2.5738652646541595
leaf_count=12 370 21 15 10 13 11 11 14 25 10 24 46 12 11
internal_value=0 -0.003651 -0.0085784 0.0023541 -0.0159803 0.0204594 -0.0139265 0.00367672 0.0124083 -0.00475592 -0.012289 -0.00861179 0.00473356 -0.0282112
internal_weight=0 55.9075 33.4288 10.9812 5.45611 5.52513 22.4476 22.4786 11.0435 11.4351 8.09827 16.3605 5.50416 6.08707
internal_count=605 235 141 46 23 23 95 94 46 48 34 69 23 26
is_linear=0
shrinkage=0.03


Tree=4
num_leaves=15
num_cat=0
split_feature=7 2 2 2 3 0 6 6 0 0 0 0 5 6
split_gain=1.27187 2.11591 2.05327 1.8057 1.55137 1.27501 0.854779 0.765802 1.43601 0.667981 0.658633 1.42259 0.932665 1.00564
threshold=0.31250000000000006 0.54050001502037059 0.22599999606609347 0.36300000548362737 0.5000000149011613 0.53099998831748974 0.20779999345541003 0.88234999775886547 0.63100001215934765 0.44399999082088476 0.36849999427795416 0.39400000870227819 0.40000000596046453 0.8664500117301942
decision_type=2 2 2 2 2 2 2 2 2 2 2 2 2 2
left_child=1 2 -1 6 -5 9 -4 -3 -9 -6 -2 -12 -13 -14
right_child=10 7 3 4 5 -7 -8 8 -10 -11 11 12 13 -15
leaf_value=0.0022809206106324306 0.0090190155046697643 0.0076314033638733665 -0.038040949698103246 0.0045879350727822989 -0.018478650670792237 -0.034641156079709703 -0.015411583187086134 -0.019927086898141013 0.0063004209588923528 -0.0016210004604127446 -0.013119336994390822 0.0054666950432026521 -0.0084231615787157942 0.0026430579072632401
leaf_weight=10.980289921164511 11.243287160992621 14.60441240668297 3.2465215474367168 5.5072452574968365 4.0069992840290052 2.3278649151325217 2.7961737513542175 3.0880734771490088 4.7980017513036728 4.4815199226140976 5.7418619394302359 39.710333377122879 11.69384650886059 20.084385558962822
leaf_count=46 47 61 14 23 17 10 12 13 20 19 24 166 49 84
internal_value=0 -0.00354756 -0.00834359 -0.0135595 -0.00837323 -0.0149725 -0.0275695 0.00356352 -0.00396989 -0.00957864 0.00223505 0.00124743 0.00240135 -0.00142912
internal_weight=0 55.8371 33.3466 22.3663 16.3236 10.8164 6.0427 22.4905 7.88608 8.48852 88.4737 77.2304 71.4886 31.7782
internal_count=605 235 141 95 69 46 26 94 33 36 370 323 299 133
is_linear=0
shrinkage=0.03


Tree=5
num_leaves=15
num_cat=0
split_feature=8 2 5 2 9 9 0 5 5 3 9 1 5 3
split_gain=1.07172 7.88855 10.5465 5.71617 5.23539 4.57049 4.91757 6.21376 5.54122 5.56493 4.23944 13.6969 6.6235 5.56314
threshold=1.0000000180025095e-35 0.23449999839067462 0.25000000745058065 0.31550000607967382 0.25499999523162847 0.41949999332427984 0.56499999761581432 0.75000000000000011 0.40000000596046453 0.5000000149011613 0.52150002121925365 0.90000000596046459 0.59999999403953563 0.5000000149011613
decision_type=2 2 2 2 2 2 2 2 2 2 2 2 2 2
left_child=1 2 -1 4 -2 -5 8 -8 9 -7 12 -12 -3 -13
right_child=3 10 -4 5 -6 6 7 -9 -10 -11 11 13 -14 -15
leaf_value=-0.025276400844373933 0.018576352073673672 -0.013426184558587406 0.04792429299623667 0.030585549797420012 -0.028274438451051057 0.018704520994490343 0.018928231032058887 -0.024686317190503699 -0.022648134480191533 -0.012754630798013471 0.059561573855282511 -0.021352428657443683 0.038676608552560179 0.0076743237771285649
leaf_weight=2.4047306180000287 2.6335670202970496 27.767789915204052 6.7260980755090714 4.5136700421571723 11.610043019056318 9.6013028323650378 16.22237649559975 3.590622052550315 13.553204655647276 10.700963720679281 3.8345307707786551 8.3930759429931658 2.3844369798898688 20.352139323949814
leaf_count=10 11 117 28 19 49 40 68 15 57 45 16 35 10 85
internal_value=0 0.00259291 0.0286459 -0.00257815 -0.019612 0.00159191 -0.000846535 0.0110242 -0.00779354 0.00212296 -0.00119917 0.00630352 -0.0093059 -0.000800956
internal_weight=0 71.8628 9.13083 72.4257 14.2436 58.1821 53.6685 19.813 33.8555 20.3023 62.732 32.5797 30.1522 28.7452
internal_count=605 301 38 304 60 244 225 83 142 85 263 136 127 120
is_linear=0
shrinkage=0.03


Tree=6
num_leaves=15
num_cat=0
split_feature=7 9 9 8 9 5 9 6 6 0 5 8 0 9
split_gain=1.19474 1.93481 1.45047 1.30499 1.17859 1.17868 1.1456 1.32797 1.00292 1.34431 0.620544 1.08347 9.55869 7.30166
threshold=0.31250000000000006 0.55300000309944164 0.32050000131130224 1.0000000180025095e-35 0.41949999332427984 0.59999999403953563 0.40250000357627874 0.14994999766349795 0.88234999775886547 0.63100001215934765 0.59999999403953563 1.0000000180025095e-35 0.49349999427795416 0.64649999141693126
decision_type=2 2 2 2 2 2 2 2 2 2 2 2 2 2
left_child=1 2 3 -1 6 -6 7 -4 -3 -10 -2 12 -12 -14
right_child=10 8 4 -5 5 -7 -8 -9 9 -11 11 -13 13 -15
leaf_value=0.014078704718977136 0.004009246140016326 0.0098520848542959921 -0.026267706554229827 -0.0086565650302991969 -0.0040952607970790554 -0.02579545112008344 -0.03628980944738823 0.0044603880915724328 -0.01952127299104876 0.0058698538271675623 0.053591455840792425 -0.0068659880516432643 -0.027666999222723334 0.018095789152230427
leaf_weight=4.6006937623023969 57.453855946660042 11.511780679225923 2.7927757203578976 4.4895482063293457 16.773777380585674 2.6022300720214835 2.7738301455974579 2.3150272518396378 3.0768368095159522 4.8108593672513962 2.8879419118165979 15.504546999931335 6.9126746058464033 5.7463782280683517
leaf_count=19 240 48 12 19 71 11 12 10 13 20 12 65 29 24
internal_value=0 -0.0034444 -0.00752744 0.00285006 -0.0109883 -0.00700963 -0.0207693 -0.0123407 0.0042058 -0.00403473 0.00216251 -0.00125445 0.00434176 -0.0068937
internal_weight=0 55.7474 36.3479 9.09024 27.2576 19.376 7.88163 5.1078 19.3995 7.8877 88.5054 31.0515 15.547 12.6591
internal_count=605 235 154 38 116 82 34 22 81 33 370 130 65 53
is_linear=0
shrinkage=0.03


Tree=7
num_leaves=15
num_cat=0
split_feature=2 4 2 2 6 2 6 0 0 5 2 2 1 6
split_gain=0.875559 2.28507 1.45922 1.07717 1.27758 1.46789 1.26206 0.831707 2.80858 0.947838 0.905587 1.4469 0.709755 1.49886
threshold=0.61450001597404491 0.57499998807907116 0.59700000286102306 0.56250000000000011 0.73229998350143444 0.52449998259544384 0.56169998645782482 0.36849999427795416 0.39400000870227819 0.25000000745058065 0.24499999731779101 0.31550000607967382 0.5000000149011613 0.38095000386238104
decision_type=2 2 2 2 2 2 2 2 2 2 2 2 2 2
left_child=1 2 3 4 5 6 7 -1 -9 -10 -11 -12 13 -13
right_child=-2 -3 -4 -5 -6 -7 -8 8 9 10 11 12 -14 -15
leaf_value=0.0045335063985327542 0.0034276449018502408 -0.0224602343793435 -0.020808969095021519 0.012663448485086149 -0.019731202016677087 0.012920846761718978 -0.02291112311150581 -0.021183674920562914 0.014380974243298476 0.012627806335816364 -0.024446373443318802 -0.0004492446385472375 0.0099732824290846983 -0.021800558052638828
leaf_weight=20.51317210495472 45.692831620573997 4.5083965212106696 3.1082180440425864 5.7488658875226966 3.0772625505924216 7.1746999174356452 2.3520985245704642 6.4162461310625067 3.789706513285636 3.8246128708124152 2.5647762119770041 27.604581788182262 4.5330252200365058 3.3143518418073645
leaf_count=86 191 19 13 24 13 30 10 27 16 16 11 116 19 14
internal_value=0 -0.00159662 -0.0005962 9.48502e-05 -0.000753568 -4.21408e-05 -0.00128366 -0.000582593 -0.00259898 1.4242e-05 -0.001287 -0.00268688 -0.00111268 -0.002738
internal_weight=0 98.53 94.0216 90.9134 85.1645 82.0873 74.9126 72.5605 52.0473 45.6311 41.8413 38.0167 35.452 30.9189
internal_count=605 414 395 382 358 345 315 305 219 192 176 160 149 130
is_linear=0
shrinkage=0.03


Tree=8
num_leaves=15
num_cat=0
split_feature=7 2 2 8 0 0 8 0 2 2 3 2 3 8
split_gain=1.12603 1.80901 1.7547 3.4531 5.55309 5.10877 1.68157 2.37923 3.01417 1.66 1.62777 2.51108 1.40034 1.85662
threshold=0.31250000000000006 0.54050001502037059 0.22599999606609347 1.0000000180025095e-35 0.35599999129772192 0.35599999129772192 1.0000000180025095e-35 0.64350000023841869 0.68000000715255748 0.36300000548362737 0.5000000149011613 0.7540000081062318 0.5000000149011613 1.0000000180025095e-35
decision_type=2 2 2 2 2 2 2 2 2 2 2 2 2 2
left_child=1 2 3 5 -5 -1 10 8 -8 -4 -3 -12 13 -11
right_child=-2 6 9 4 -6 -7 7 -9 -10 12 11 -13 -14 -15
leaf_value=-0.0090956190295810261 0.0020972178462561135 -0.0058662037858441922 -0.026232862931273374 0.013625980795173572 -0.047277269173441078 0.048361505145307418 -0.026522317738895112 0.015205824954447793 0.013988396272411554 -0.013842551197088437 0.031447058873798742 -0.0046144583441594745 -0.01401522476971662 0.021058954696919159
leaf_weight=2.8940151780843717 88.531002640724182 3.3697871416807175 5.9410337954759624 2.8579855263233185 2.5492393225431442 2.6848072558641434 5.4305953681468964 3.6298519968986511 2.3763004541397095 2.5958207547664669 5.0845854580402374 2.6402897536754608 10.714575558900831 2.9090390801429749
leaf_count=12 370 14 26 12 11 11 23 15 10 11 21 11 46 12
internal_value=0 -0.00334785 -0.00780621 0.0019971 -0.0150869 0.0185556 0.00321096 -0.00486121 -0.0141915 -0.0126662 0.011532 0.0191216 -0.00769686 0.00460112
internal_weight=0 55.6779 33.1465 10.986 5.40722 5.57882 22.5314 11.4367 7.8069 22.1605 11.0947 7.72488 16.2194 5.50486
internal_count=605 235 141 46 23 23 94 48 33 95 46 32 69 23
is_linear=0
shrinkage=0.03


Tree=9
num_leaves=15
num_cat=0
split_feature=7 2 2 8 0 0 2 8 0 2 6 0 2 6
split_gain=1.06113 1.70737 1.65856 3.25076 5.29827 4.76736 1.58407 1.57989 2.24183 2.85463 1.92003 2.29658 1.36194 1.20308
threshold=0.31250000000000006 0.54050001502037059 0.22599999606609347 1.0000000180025095e-35 0.35599999129772192 0.35599999129772192 0.36300000548362737 1.0000000180025095e-35 0.64350000023841869 0.68000000715255748 0.81349998712539684 0.56499999761581432 0.50650000572204601 0.77525001764297496
decision_type=2 2 2 2 2 2 2 2 2 2 2 2 2 2
left_child=1 2 3 5 -5 -1 -4 10 9 13 11 -3 -8 -9
right_child=-2 7 6 4 -6 -7 12 8 -10 -11 -12 -13 -14 -15
leaf_value=-0.0088381762000172837 0.0020334100338644644 0.045677391145318054 -0.025648964734067491 0.013178328272141554 -0.04648003241423998 0.046592766158578443 -0.0019805965137903226 -0.0097387554239683396 0.014709862471216176 0.013526767936472662 -0.00033000901678250006 0.0054034256429955048 -0.021247718812361028 -0.038314710782023073
leaf_weight=2.8890402317047101 88.569220721721649 2.4453375935554504 5.8946999758482006 2.8662867248058319 2.5156820714473724 2.7028369754552841 11.559389621019365 2.3454321473836899 3.6395191848278046 2.3835615664720535 6.0087155252695084 2.6610166281461716 4.6222542673349372 3.0506054311990738
leaf_count=12 370 10 26 12 11 11 49 10 15 10 25 11 20 13
internal_value=0 -0.0032547 -0.00759624 0.00193576 -0.0147077 0.0179544 -0.0123345 0.00311289 -0.00472418 -0.013816 0.0111643 0.0246899 -0.00748421 -0.0258939
internal_weight=0 55.5844 33.0502 10.9738 5.38197 5.59188 22.0763 22.5342 11.4191 7.7796 11.1151 5.10635 16.1816 5.39604
internal_count=605 235 141 46 23 23 95 94 48 33 46 21 69 23
is_linear=0
shrinkage=0.03


Tree=10
num_leaves=15
num_cat=0
split_feature=7 2 2 8 0 0 2 8 3 2 7 8 0 2
split_gain=1.00003 1.6227 1.35621 3.06207 5.05938 4.45582 1.7343 1.1353 1.09653 0.80217 0.674009 0.725367 0.600142 0.806318
threshold=0.31250000000000006 0.58799999952316295 0.22599999606609347 1.0000000180025095e-35 0.35599999129772192 0.35599999129772192 0.36300000548362737 1.0000000180025095e-35 0.5000000149011613 0.41750000417232519 1.0000000180025095e-35 1.0000000180025095e-35 0.55599999427795421 0.65700000524520885
decision_type=2 2 2 2 2 2 2 2 2 2 2 2 2 2
left_child=1 2 3 5 -5 -1 7 -4 -8 -10 -11 -12 -3 -14
right_child=-2 12 6 4 -6 -7 8 -9 9 10 11 -13 13 -15
leaf_value=-0.0085879302653554448 0.0019715735287388473 0.011950772951309648 -0.036455863468715669 0.012747706394382771 -0.045732103765455147 0.044949365482934947 0.0026187962702001236 -0.0097204904975443825 0.0036653020112967067 -0.0074103888605874576 -0.012144762955471787 -0.034822349881563582 0.0078120673294333354 -0.0067648227280746945
leaf_weight=2.8841042667627317 88.606114283204079 5.7574455589056042 3.3599598854780224 2.874096006155014 2.4806492477655411 2.7173726558685303 7.4155097007751491 2.4880233407020569 2.3344896882772437 4.4309550970792753 2.5527589023113251 2.5250837504863739 6.7196255326271039 6.9449777901172638
leaf_count=12 370 24 15 12 11 11 31 11 10 19 11 11 28 29
internal_value=0 -0.00316443 -0.00692947 0.00187734 -0.0143438 0.0173839 -0.0107726 -0.0250813 -0.00642775 -0.0120921 -0.0159607 -0.0234218 0.0038265 0.000403424
internal_weight=0 55.4851 36.063 10.9562 5.35475 5.60148 25.1068 5.84798 19.2588 11.8433 9.5088 5.07784 19.422 13.6646
internal_count=605 235 154 46 23 23 108 26 82 51 41 22 81 57
is_linear=0
shrinkage=0.03


Tree=11
num_leaves=15
num_cat=0
split_feature=7 2 2 8 2 2 2 8 5 3 6 2 6 2
split_gain=0.942282 1.5315 1.28065 2.88588 3.50126 1.7946 1.65535 1.09439 1.07931 1.82721 0.929626 0.843228 0.717265 1.86564
threshold=0.31250000000000006 0.58799999952316295 0.22599999606609347 1.0000000180025095e-35 0.12700000032782557 0.14649999886751178 0.36300000548362737 1.0000000180025095e-35 0.59999999403953563 0.5000000149011613 0.88234999775886547 0.83049997687339794 0.57729998230934154 0.47300000488758093
decision_type=2 2 2 2 2 2 2 2 2 2 2 2 2 2
left_child=1 2 3 5 -5 -1 7 -4 9 -8 -3 -12 13 -11
right_child=-2 10 6 4 -6 -7 8 -9 -10 12 11 -13 -14 -15
leaf_value=0.00044754181871600306 0.0019116461623712043 0.0091346793605157177 -0.035797136373538277 0.012999529157448815 -0.035913201303660693 0.034409624173991162 0.0097861260554107307 -0.0094577596909595392 -0.024388090963329376 -0.0047040111714457371 -0.012140489194318711 0.0079215069507915757 0.0014470480774051379 -0.035602600157769983
leaf_weight=2.9008920937776548 88.641732797026634 11.5422240793705 3.3197457194328335 2.3866287469863892 2.9391457438468933 2.7070213556289673 5.997515141963965 2.4805401265621185 2.5588492006063452 4.8937136977910978 4.7790382206439963 3.1142881512641907 3.027229830622673 2.7453196346759796
leaf_count=12 370 48 15 10 13 11 25 11 11 21 20 13 13 12
internal_value=0 -0.00307606 -0.00674352 0.0018216 -0.013994 0.0168415 -0.010486 -0.0245329 -0.00624748 -0.00346186 0.0037089 -0.00422509 -0.010911 -0.0158084
internal_weight=0 55.3922 35.9566 10.9337 5.32577 5.60791 25.0229 5.80029 19.2226 16.6638 19.4356 7.89333 10.6663 7.63903
internal_count=605 235 154 46 23 23 108 26 82 71 81 33 46 33
is_linear=0
shrinkage=0.03


Tree=12
num_leaves=15
num_cat=0
split_feature=7 2 2 8 0 0 2 8 5 3 2 8 7 5
split_gain=0.887864 1.44534 1.21006 2.71833 4.76167 4.0854 1.58017 1.05576 1.02455 1.72225 0.680973 0.666311 0.61086 0.586421
threshold=0.31250000000000006 0.58799999952316295 0.22599999606609347 1.0000000180025095e-35 0.35599999129772192 0.35599999129772192 0.36300000548362737 1.0000000180025095e-35 0.59999999403953563 0.5000000149011613 0.41750000417232519 1.0000000180025095e-35 1.0000000180025095e-35 0.59999999403953563
decision_type=2 2 2 2 2 2 2 2 2 2 2 2 2 2
left_child=1 2 3 5 -5 -1 7 -4 9 11 -11 -8 -12 -2
right_child=13 -3 6 4 -6 -7 8 -9 -10 10 12 -13 -14 -15
leaf_value=-0.0086001050284522217 0.0036460716854345879 0.0035950613967121029 -0.035162973845872456 0.012439418224581309 -0.044647273706015046 0.042585968702540597 -0.00026648344815958315 -0.0092017501862570045 -0.023810561563553424 0.003697444965685841 -0.0070092934207506867 0.01971977388612409 -0.023321266566966564 -0.001466790729326578
leaf_weight=2.8839981704950315 57.587391629815102 19.447930455207825 3.2788496762514141 2.8779348582029343 2.4214637130498886 2.7335337847471237 3.0803032666444841 2.4731796681880951 2.5425363332033148 2.3338660895824423 4.4138069599866849 2.9285752922296524 3.8847006261348724 31.088733717799187
leaf_count=12 240 81 15 12 11 11 13 11 11 10 19 12 17 130
internal_value=0 -0.00299008 -0.00656211 0.00176749 -0.0136453 0.0163074 -0.0102088 -0.0240005 -0.00607355 -0.0033636 -0.0106189 0.00947431 -0.0146453 0.00185357
internal_weight=0 55.3007 35.8527 10.9169 5.2994 5.61753 24.9358 5.75203 19.1838 16.6413 10.6324 6.00888 8.29851 88.6761
internal_count=605 235 154 46 23 23 108 26 82 71 46 25 36 370
is_linear=0
shrinkage=0.03


Tree=13
num_leaves=15
num_cat=0
split_feature=7 1 4 8 8 3 3 0 7 8 4 4 6 3
split_gain=0.836725 1.02032 1.13039 1.57655 1.21172 4.85638 4.31047 2.0728 1.86009 1.03685 4.32602 1.48926 1.8746 1.68016
threshold=0.31250000000000006 0.5000000149011613 0.57499998807907116 1.0000000180025095e-35 1.0000000180025095e-35 0.5000000149011613 0.5000000149011613 0.63100001215934765 1.0000000180025095e-35 1.0000000180025095e-35 0.42499999701976782 0.42499999701976782 0.1904999986290932 0.30000000447034841
decision_type=2 2 2 2 2 2 2 2 2 2 2 2 2 2
left_child=1 9 4 -4 5 -3 -6 -8 -7 11 -11 -1 13 -13
right_child=-2 2 3 -5 6 8 7 -9 -10 10 -12 12 -14 -15
leaf_value=-0.017552127107675109 0.0017972758244098708 -0.016728859658129709 -0.027613898358718414 0.004657990074165278 0.02418490215315414 0.039959459539863046 -0.028021947767546296 0.0051762964338487732 0.0087946806317145167 0.017704672854556156 -0.022019585822935069 -0.0013845770908526031 -0.0078810174068966784 0.032736958562074626
leaf_weight=3.7443524599075309 88.708466425538063 3.5966040641069448 2.6346970349550238 2.8212484270334244 3.6059010475873947 3.8969292044639587 4.6370178163051605 2.6657385379076004 3.0906840860843658 3.2163708209991446 10.593829289078712 2.378587543964386 5.4527838826179504 2.8609525859355927
leaf_count=16 370 15 11 12 15 16 20 11 13 14 46 10 24 12
internal_value=0 -0.00290723 0.00126868 -0.0109262 0.00436435 0.0115959 -0.00265214 -0.0159035 0.026175 -0.00689125 -0.0127679 -0.00126963 0.00443234 0.0172468
internal_weight=0 55.1957 26.9488 5.45595 21.4929 10.5842 10.9087 7.30276 6.98761 28.2469 13.8102 14.4367 10.6923 5.23954
internal_count=605 235 113 23 90 44 46 31 29 122 60 62 46 22
is_linear=0
shrinkage=0.03


Tree=14
num_leaves=15
num_cat=0
split_feature=7 2 2 2 5 6 6 0 0 2 0 0 0 5
split_gain=0.788327 1.3088 1.10238 1.51593 0.978312 0.908533 0.890747 1.18942 0.615737 0.767318 0.574667 1.25263 0.814701 0.789257
threshold=0.31250000000000006 0.58799999952316295 0.22599999606609347 0.36300000548362737 0.59999999403953563 0.20779999345541003 0.88234999775886547 0.63100001215934765 0.38150000572204595 0.10449999943375589 0.36849999427795416 0.39400000870227819 0.38150000572204595 0.40000000596046453
decision_type=2 2 2 2 2 2 2 2 2 2 2 2 2 2
left_child=1 2 8 5 -5 -4 -3 -8 9 -1 -2 12 -12 -13
right_child=10 6 3 4 -6 -7 7 -9 -10 -11 11 13 -14 -15
leaf_value=0.0070415675158852315 0.0080596697132897105 0.0087393600241431786 -0.03446071664199863 -0.0030357170392070047 -0.02309143556844722 -0.01041803434299903 -0.018975410853736014 0.0049261597484910793 0.012620881346676938 -0.01202515495176854 0.00068701226669998033 0.0047079560965855036 -0.02227168698382825 -0.0016270965753643323
leaf_weight=3.6244428157806379 11.309350937604902 11.559012070298197 3.0545635968446758 16.57535815238953 2.5220586955547324 2.634623259305954 3.0587061792612067 4.8370096236467361 3.2647944241762161 3.9917346239089966 2.3875021040439597 39.900536239147186 3.3330200761556625 31.810131192207336
leaf_count=15 47 48 14 71 11 12 13 20 14 17 10 166 14 133
internal_value=0 -0.00282526 -0.00623931 -0.00973373 -0.00568433 -0.0233267 0.00343392 -0.00433302 0.0017209 -0.00295154 0.00174272 0.000820084 -0.0126897 0.00189779
internal_weight=0 55.1223 35.6676 24.7866 19.0974 5.68919 19.4547 7.89572 10.881 7.61618 88.7405 77.4312 5.72052 71.7107
internal_count=605 235 154 108 82 26 81 33 46 32 370 323 24 299
is_linear=0
shrinkage=0.03


Tree=15
num_leaves=15
num_cat=0
split_feature=8 2 5 7 1 7 1 7 2 4 2 3 2 6
split_gain=0.796822 6.30636 9.45378 5.83652 6.55243 3.92492 8.56657 7.45539 7.25145 4.61843 4.60754 4.58194 3.40227 6.50488
threshold=1.0000000180025095e-35 0.23449999839067462 0.25000000745058065 0.81250000000000011 0.90000000596046459 0.81250000000000011 0.90000000596046459 0.68750000000000011 0.4264999926090241 0.57499998807907116 0.67100000381469738 0.70000001788139354 0.32050000131130224 0.38609999418258673
decision_type=2 2 2 2 2 2 2 2 2 2 2 2 2 2
left_child=1 2 -1 12 -5 7 -7 8 -3 10 -10 -11 -2 -14
right_child=3 5 -4 4 -6 6 -8 -9 9 11 -12 -13 13 -15
leaf_value=-0.025763791966645432 -0.018856758023940781 -0.024544466600426019 0.043391293327570885 -0.0060044286724507305 0.046990425861018745 0.011906179897094134 -0.049681701353108267 0.022078323316042283 0.0024785761460133018 0.001268868250429005 0.03423242035950394 -0.049570050001090799 0.014031359636753896 -0.0091311357976378172
leaf_weight=2.4060104340314847 13.266111075878142 11.570857986807821 6.8279436081647873 4.0818540751934034 4.3243370056152344 3.8517493158578855 4.3038444221019745 12.478582665324209 18.34202232956887 4.0784062445163718 5.3012702465057364 2.6207858771085739 15.985354512929915 34.383763909339905
leaf_count=10 57 50 28 17 18 16 18 52 77 17 22 11 67 145
internal_value=0 0.00222938 0.0253722 -0.00223662 0.0212573 -0.00118721 -0.0205948 0.00172278 -0.00433754 0.00336821 0.00959838 -0.0186198 -0.00534016 -0.00178019
internal_weight=0 71.7815 9.23395 72.0414 8.40619 62.5475 8.15559 54.3919 41.9133 30.3425 23.6433 6.69919 63.6352 50.3691
internal_count=605 301 38 304 35 263 34 229 177 127 99 28 269 212
is_linear=0
shrinkage=0.03


Tree=16
num_leaves=15
num_cat=0
split_feature=8 3 6 9 0 3 7 0 7 9 6 6 0 9
split_gain=0.749716 5.67565 11.4212 6.17507 6.29369 6.6353 5.47721 5.61466 4.21011 3.22256 6.11688 5.16404 4.80583 4.74712
threshold=1.0000000180025095e-35 0.30000000447034841 0.10800000280141832 0.45999999344348913 0.56499999761581432 0.70000001788139354 0.81250000000000011 0.50600001215934765 0.31250000000000006 0.39199998974800115 0.38609999418258673 0.32780000567436224 0.40600000321865087 0.25499999523162847
decision_type=2 2 2 2 2 2 2 2 2 2 2 2 2 2
left_child=1 -1 -3 8 -5 -6 9 -8 -4 13 11 -11 -12 -2
right_child=6 2 3 4 5 -7 7 -9 -10 10 12 -13 -14 -15
leaf_value=-0.018495650670632649 0.017555575047662114 0.034703355818578321 0.0011980392095506847 0.015783790411011359 -0.022324318701534424 0.016371814427921034 -0.011444321344532958 0.039259167241230589 -0.03559187583596099 0.0032987511558283038 -0.04824296023462258 0.041794010290288341 -0.0056736112058057434 -0.027384359538804883
leaf_weight=10.259623289108275 2.6455812603235236 10.139854133129118 4.9477659016847593 22.730510890483856 10.968557193875315 6.2666379064321509 3.1163745224475843 5.3228226751089096 6.4475707113742828 11.753328591585161 2.5809274464845648 4.2777993232011786 31.733203426003456 10.557616800069807
leaf_count=43 11 42 22 95 46 26 13 22 27 49 11 18 134 46
internal_value=0 0.00216107 0.00560704 -0.000137249 0.00541725 -0.00825458 -0.00217204 0.0205357 -0.019618 -0.00518761 -0.00172798 0.013571 -0.00887545 -0.0183796
internal_weight=0 71.7605 61.5009 51.361 39.9657 17.2352 71.9877 8.4392 11.3953 63.5485 50.3453 16.0311 34.3141 13.2032
internal_count=605 301 258 216 167 72 304 35 49 269 212 67 145 57
is_linear=0
shrinkage=0.03


Tree=17
num_leaves=15
num_cat=0
split_feature=8 2 5 7 0 6 0 7 2 6 6 7 4 7
split_gain=0.705714 5.76613 8.68389 5.14303 5.25793 3.66756 10.5462 9.33822 6.69284 4.95858 4.03673 4.87477 5.54051 3.97561
threshold=1.0000000180025095e-35 0.23449999839067462 0.25000000745058065 0.81250000000000011 0.49349999427795416 0.38609999418258673 0.50600001215934765 0.81250000000000011 0.64550000429153453 0.088200002908706679 0.82089999318122875 0.43750000000000006 0.57499998807907116 0.43750000000000006
decision_type=2 2 2 2 2 2 2 2 2 2 2 2 2 2
left_child=1 2 -1 -2 -5 9 13 8 -8 -3 -10 12 -12 -7
right_child=3 5 -4 4 -6 6 7 -9 10 -11 11 -13 -14 -15
leaf_value=-0.025062086541220035 -0.0050411847394580137 0.01209432200728356 0.041291919090488786 -0.01538741623766268 0.035710430158035322 0.012706791467008248 -0.017261165257651617 -0.042785642024932784 0.048750741437716058 -0.019236087033499036 0.014028064980645035 0.035181483792813828 -0.039119438693353395 0.048448853393846608
leaf_weight=2.392381623387335 63.449344947934151 6.2444603294134167 6.8797015994787216 2.6280998438596708 5.8392695635557175 6.207569554448126 9.2598676979541832 4.9681881964206687 2.676254302263259 16.71896693110466 4.6009210646152479 3.854088619351387 2.864359512925148 5.1035325974225998
leaf_count=10 269 26 28 11 24 26 39 21 11 72 19 16 12 21
internal_value=0 0.00209446 0.0241713 -0.00211045 0.0198507 -0.0011808 0.00435786 -0.00545115 0.00252481 -0.0107164 0.0156157 0.00778157 -0.00636414 0.0288335
internal_weight=0 71.7703 9.27208 71.9167 8.46737 62.4982 39.5348 28.2237 23.2555 22.9634 13.9956 11.3194 7.46528 11.3111
internal_count=605 301 38 304 35 263 165 118 97 98 58 47 31 47
is_linear=0
shrinkage=0.03


Tree=18
num_leaves=15
num_cat=0
split_feature=2 4 2 6 2 6 0 0 5 0 2 2 6 3
split_gain=0.576171 2.1105 1.37456 0.849715 1.72483 0.989226 0.625684 2.59928 0.900844 0.726301 0.647625 1.6289 1.3605 0.695421
threshold=0.61450001597404491 0.57499998807907116 0.59700000286102306 0.79034999012947094 0.52449998259544384 0.56169998645782482 0.36849999427795416 0.39400000870227819 0.25000000745058065 0.40600000321865087 0.24499999731779101 0.36300000548362737 0.21795000135898593 0.5000000149011613
decision_type=2 2 2 2 2 2 2 2 2 2 2 2 2 2
left_child=1 2 3 4 5 6 -1 -8 -9 -10 -11 12 -12 -13
right_child=-2 -3 -4 -5 -6 -7 7 8 9 10 11 13 -14 -15
leaf_value=0.0041198246602113893 0.0027652967038150292 -0.021491102059505225 -0.020061793964471299 -0.015957353531847688 0.010839718340488297 -0.020402356600147897 -0.020134448536967376 0.014466443508336594 0.0082297821351989108 0.011220918027188659 -0.026471224734949537 0.0040817173492744829 0.0011393440378533871 -0.0060515603048654073
leaf_weight=20.474842250347137 45.807601228356361 4.4522733390331259 3.0785719305276862 2.7958011627197257 13.192308783531187 2.2765275090932837 6.2989251464605323 3.7746285051107398 6.664499729871749 2.8120453506708136 4.4904705584049251 14.386081933975222 2.500588670372963 10.576301351189612
leaf_count=86 191 19 13 12 55 10 27 16 28 12 20 60 11 45
internal_value=0 -0.00131194 -0.000349216 0.000323264 0.000843776 -0.000932127 -0.000316324 -0.00207988 0.000435888 -0.000842417 -0.00258155 -0.00379622 -0.0165954 -0.000211647
internal_weight=0 97.7739 93.3216 90.243 87.4472 74.2549 71.9784 51.5035 45.2046 41.43 34.7655 31.9534 6.99106 24.9624
internal_count=605 414 395 382 370 315 305 219 192 176 148 136 31 105
is_linear=0
shrinkage=0.03


Tree=19
num_leaves=15
num_cat=0
split_feature=2 4 2 2 6 2 6 0 0 0 5 0 2 2
split_gain=0.542177 1.99731 1.29929 0.816714 1.13448 1.21486 0.936784 0.595041 0.588696 2.45881 0.844947 0.682869 0.609051 1.54258
threshold=0.61450001597404491 0.57499998807907116 0.59700000286102306 0.56250000000000011 0.73229998350143444 0.52449998259544384 0.56169998645782482 0.54350000619888317 0.36849999427795416 0.39400000870227819 0.25000000745058065 0.40600000321865087 0.24499999731779101 0.36300000548362737
decision_type=2 2 2 2 2 2 2 2 2 2 2 2 2 2
left_child=1 2 3 4 5 6 8 -2 -1 -10 -11 -12 -13 -14
right_child=7 -3 -4 -5 -6 -7 -8 -9 9 10 11 12 13 -15
leaf_value=0.0039928634277303981 0.0089200485064196335 -0.020958711408987703 -0.019549339120394499 0.011220148484779941 -0.018481880397612737 0.012003076306131266 -0.019910374304440221 0.00080807547033578855 -0.019627678191148138 0.013986840419650433 0.0079697646010491816 0.010864400986390303 -0.016180739045634007 -0.0002054114297340077
leaf_weight=20.491838455200195 10.581213623285292 4.4287679344415656 3.0647058486938468 5.7827610075473777 3.022375836968421 7.1985209286212912 2.263003706932067 35.251033097505569 6.2681819051504126 3.7867481261491767 6.6753068566322318 2.8171145766973487 6.9559769332408932 24.958711966872215
leaf_count=86 44 19 13 24 13 30 10 147 27 16 28 12 31 105
internal_value=0 -0.00127392 -0.000339373 0.000313172 -0.000433798 0.000236199 -0.000905106 0.00268087 -0.000307376 -0.0020197 0.000422444 -0.000818042 -0.00250702 -0.00368732
internal_weight=0 97.714 93.2852 90.2205 84.4378 81.4154 74.2169 45.8322 71.9539 51.462 45.1939 41.4071 34.7318 31.9147
internal_count=605 414 395 382 358 345 315 191 305 219 192 176 148 136
is_linear=0
shrinkage=0.03


Tree=20
num_leaves=15
num_cat=0
split_feature=2 4 2 6 2 6 1 2 0 0 2 5 2 3
split_gain=0.510178 1.89036 1.22824 0.778837 1.5342 0.887166 0.587705 0.815745 0.813017 2.6861 0.955932 0.892443 0.795237 0.900818
threshold=0.61450001597404491 0.57499998807907116 0.59700000286102306 0.79034999012947094 0.52449998259544384 0.56169998645782482 0.30000000447034841 0.5040000081062318 0.36849999427795416 0.39400000870227819 0.25800000131130224 0.25000000745058065 0.24499999731779101 0.30000000447034841
decision_type=2 2 2 2 2 2 2 2 2 2 2 2 2 2
left_child=1 2 3 4 5 6 8 -8 -1 10 -10 -11 -13 -14
right_child=-2 -3 -4 -5 -6 -7 7 -9 9 11 -12 12 13 -15
leaf_value=0.0035641416282199637 0.0025990850770179711 -0.020441064111384511 -0.019051250253035622 -0.01533814932773808 0.010207220906956816 -0.019430973094707059 0.013190105227974569 -0.0041812447484276061 -0.010001575035142212 0.013890519925137628 -0.036171882047353408 0.010541947845112143 -0.015204851028274156 -0.0016199910641822924
leaf_weight=20.043095856904984 45.855332061648369 4.4050565212965003 3.0507009774446479 2.7768090367317191 13.240443542599676 2.2494787275791159 6.1980578452348691 4.0050308853387833 2.305039942264556 3.3141632527112952 2.7606574296951294 3.7698998898267737 5.3691516667604473 24.165387243032455
leaf_count=84 191 19 13 12 55 10 26 17 10 14 12 16 23 103
internal_value=0 -0.00123695 -0.000329748 0.000303462 0.000800299 -0.00087875 -0.000298567 0.00637131 -0.00140105 -0.00378847 -0.0242636 -0.000955998 -0.00243339 -0.00408961
internal_weight=0 97.653 93.2479 90.1972 87.4204 74.18 71.9305 10.2031 61.7274 41.6843 5.0657 36.6186 33.3044 29.5345
internal_count=605 414 395 382 370 315 305 43 262 178 22 156 142 126
is_linear=0
shrinkage=0.03


Tree=21
num_leaves=15
num_cat=0
split_feature=7 2 2 2 2 1 0 5 0 9 7 0 2 0
split_gain=0.644485 1.18394 1.02284 1.14793 1.05326 1.00843 0.70181 0.533752 0.822701 1.78878 0.630008 0.645554 0.529369 0.499364
threshold=0.31250000000000006 0.54050001502037059 0.22599999606609347 0.36300000548362737 0.50650000572204601 0.30000000447034841 0.53099998831748974 0.59999999403953563 0.48099999129772192 0.62500000000000011 0.68750000000000011 0.55599999427795421 0.61450001597404491 0.38150000572204595
decision_type=2 2 2 2 2 2 2 2 2 2 2 2 2 2
left_child=1 2 13 -4 5 -5 -6 12 -9 10 -10 -12 -2 -1
right_child=7 -3 3 4 6 -7 -8 8 9 -11 11 -13 -14 -15
leaf_value=-0.0029621987170174321 0.0022297508181015717 0.0027105060033038243 -0.021816679000772499 -0.005636308419318517 -0.006658765042348168 0.01649646644089427 -0.030516041127764498 0.008883351089800923 -0.02171729097071089 0.0029715961874200265 0.0036016617191614551 -0.015564911236510935 0.011164319626220292 0.0110828424337191
leaf_weight=7.5829636603593809 50.849103972315788 22.517058029770851 5.535273581743243 9.1364594697952253 2.2629896551370612 2.3240425437688819 2.177605152130127 5.5365553647279766 4.4784386456012744 14.647678419947622 2.8457849770784378 3.5601228475570679 6.7620213180780402 3.2568376660346985
leaf_count=32 212 94 26 39 10 10 10 23 19 61 12 15 28 14
internal_value=0 -0.00256918 -0.00625249 -0.0100502 -0.00595418 -0.00114807 -0.018358 0.00156926 -0.0016001 -0.00387341 -0.0130851 -0.00705028 0.00327843 0.00125766
internal_weight=0 54.7932 32.2762 21.4364 15.9011 11.4605 4.44059 88.6797 31.0686 25.532 10.8843 6.40591 57.6111 10.8398
internal_count=605 235 141 95 69 49 20 370 130 107 46 27 240 46
is_linear=0
shrinkage=0.03


Tree=22
num_leaves=15
num_cat=0
split_feature=7 2 2 6 2 6 2 2 3 0 6 0 2 1
split_gain=0.606918 1.11682 0.967722 1.16892 0.70056 1.317 0.76885 0.751252 0.870924 0.674313 0.665596 1.10885 0.535733 0.540154
threshold=0.31250000000000006 0.54050001502037059 0.22599999606609347 0.1475000008940697 0.50650000572204601 0.39840000867843633 0.34549999237060552 0.38249999284744268 0.5000000149011613 0.53099998831748974 0.88234999775886547 0.63100001215934765 0.61100000143051159 0.90000000596046459
decision_type=2 2 2 2 2 2 2 2 2 2 2 2 2 2
left_child=1 2 -1 -4 5 6 -5 -8 -9 -6 12 -12 13 -3
right_child=-2 10 3 4 9 -7 7 8 -10 -11 11 -13 -14 -15
leaf_value=0.0012196990775173982 0.0015216785271985624 0.0095533508592821059 -0.030725960866992259 0.0072681532530497394 -0.0064720291681449318 0.016428990797532385 -0.024748115904152861 0.0071737105044777805 -0.014467988819020184 -0.029934781672373852 -0.018583480795745563 0.0045204305263865843 0.010844116726315741 -0.009428428926011723
leaf_weight=10.840916335582731 88.698974251747131 2.422294586896899 2.1568795442581203 2.3550331890583065 2.2585037499666205 2.3241958469152442 2.8718391656875593 2.6268495470285416 4.6115665435791016 2.153656855225563 3.0447548031806937 4.8439352661371231 9.1719548404216749 3.0456978231668472
leaf_count=46 370 10 10 11 10 10 13 11 20 10 13 20 38 13
internal_value=0 -0.00249565 -0.00608034 -0.0097856 -0.00743342 -0.00430357 -0.00816922 -0.0117651 -0.00661413 -0.0179246 0.00262782 -0.00439686 0.00641304 -0.00101959
internal_weight=0 54.7281 32.1994 21.3585 19.2016 14.7895 12.4653 10.1103 7.23842 4.41216 22.5286 7.88869 14.6399 5.46799
internal_count=605 235 141 95 85 65 55 44 31 20 94 33 61 23
is_linear=0
shrinkage=0.03


Tree=23
num_leaves=15
num_cat=0
split_feature=3 2 4 2 6 2 6 0 0 2 2 2 2 6
split_gain=0.44353 0.419849 1.80783 1.19736 0.740322 1.34327 0.85854 0.499431 0.548352 1.18853 0.720568 1.0542 0.624218 0.757581
threshold=1.0000000180025095e-35 0.61450001597404491 0.57499998807907116 0.59700000286102306 0.79034999012947094 0.52449998259544384 0.56169998645782482 0.54350000619888317 0.56499999761581432 0.66100001335144054 0.66100001335144054 0.71149998903274547 0.7540000081062318 0.94949999451637279
decision_type=2 2 2 2 2 2 2 2 2 2 2 2 2 2
left_child=-1 2 3 4 5 6 -2 -3 9 -9 -10 -12 -13 -14
right_child=1 7 -4 -5 -6 -7 -8 8 10 -11 11 12 13 -15
leaf_value=-0.012805971496146235 8.5721065842904386e-05 0.008280591083199465 -0.019772393842774703 -0.018544305933697987 -0.014689963940659027 0.0098901982214906828 -0.018827958006652108 -0.023786728702376091 0.0098141550018738099 0.0054659373241092695 -0.01755857858314851 0.012050110053646779 -0.015512079532336361 0.0023655220783470694
leaf_weight=2.3976124823093405 70.164676561951637 10.619350790977476 4.3681742548942557 3.0352033525705329 2.7544056028127661 13.258180275559424 2.2285917252302161 2.3655572086572638 8.4293803870677966 2.6507822573184967 2.8419831991195705 4.3181538432836559 2.6284568905830357 11.324460834264755
leaf_count=10 298 44 19 13 12 55 10 10 35 11 12 18 11 47
internal_value=0 0.000206359 -0.000917827 -1.71375e-05 0.000618949 0.00111126 -0.000496527 0.00259042 0.000841924 -0.00832875 0.00239912 -0.000561336 0.00208251 -0.00100227
internal_weight=0 140.987 95.8092 91.4411 88.4059 85.6514 72.3933 45.1781 34.5588 5.01634 29.5424 21.1131 18.2711 13.9529
internal_count=605 595 407 388 375 363 308 188 144 21 123 88 76 58
is_linear=0
shrinkage=0.03


end of trees

feature_importances:
Column_2=95
Column_0=59
Column_6=41
Column_8=33
Column_7=29
Column_3=24
Column_5=20
Column_9=16
Column_4=11
Column_1=8

parameters:
[boosting: gbdt]
[objective: binary]
[metric: binary_error]
[tree_learner: serial]
[device_type: cpu]
[data: ]
[valid: ]
[num_iterations: 300]
[learning_rate: 0.03]
[num_leaves: 15]
[num_threads: 0]
[deterministic: 0]
[force_col_wise: 0]
[force_row_wise: 0]
[histogram_pool_size: -1]
[max_depth: -1]
[min_data_in_leaf: 10]
[min_sum_hessian_in_leaf: 0.001]
[bagging_fraction: 0.8]
[pos_bagging_fraction: 1]
[neg_bagging_fraction: 1]
[bagging_freq: 0]
[bagging_seed: 3]
[feature_fraction: 0.8]
[feature_fraction_bynode: 1]
[feature_fraction_seed: 2]
[extra_trees: 0]
[extra_seed: 6]
[early_stopping_round: 0]
[first_metric_only: 0]
[max_delta_step: 0]
[lambda_l1: 0]
[lambda_l2: 0]
[linear_lambda: 0]
[min_gain_to_split: 0]
[drop_rate: 0.1]
[max_drop: 50]
[skip_drop: 0.5]
[xgboost_dart_mode: 0]
[uniform_drop: 0]
[drop_seed: 4]
[top_rate: 0.2]
[other_rate: 0.1]
[min_data_per_group: 100]
[max_cat_threshold: 32]
[cat_l2: 10]
[cat_smooth: 10]
[max_cat_to_onehot: 4]
[top_k: 20]
[monotone_constraints: ]
[monotone_constraints_method: basic]
[monotone_penalty: 0]
[feature_contri: ]
[forcedsplits_filename: ]
[refit_decay_rate: 0.9]
[cegb_tradeoff: 1]
[cegb_penalty_split: 0]
[cegb_penalty_feature_lazy: ]
[cegb_penalty_feature_coupled: ]
[path_smooth: 0]
[interaction_constraints: ]
[verbosity: -1]
[saved_feature_importance_type: 0]
[linear_tree: 0]
[max_bin: 255]
[max_bin_by_feature: ]
[min_data_in_bin: 3]
[bin_construct_sample_cnt: 200000]
[data_random_seed: 1]
[is_enable_sparse: 1]
[enable_bundle: 1]
[use_missing: 1]
[zero_as_missing: 0]
[feature_pre_filter: 1]
[pre_partition: 0]
[two_round: 0]
[header: 0]
[label_column: ]
[weight_column: ]
[group_column: ]
[ignore_column: ]
[categorical_feature: ]
[forcedbins_filename: ]
[precise_float_parser: 0]
[objective_seed: 5]
[num_class: 1]
[is_unbalance: 0]
[scale_pos_weight: 1]
[sigmoid: 1]
[boost_from_average: 1]
[reg_sqrt: 0]
[alpha: 0.9]
[fair_c: 1]
[poisson_max_delta_step: 0.7]
[tweedie_variance_power: 1.5]
[lambdarank_truncation_level: 30]
[lambdarank_norm: 1]
[label_gain: ]
[eval_at: ]
[multi_error_top_k: 1]
[auc_mu_weights: ]
[num_machines: 1]
[local_listen_port: 12400]
[time_out: 120]
[machine_list_filename: ]
[machines: ]
[gpu_platform_id: -1]
[gpu_device_id: -1]
[gpu_use_dp: 0]
[num_gpu: 1]

end of parameters

pandas_categorical:null
